System Description            : C, Diamond structure                            
Number of Atoms in Unit Cell  : 2                                               
Number of Atomic Species      : 1                                               
Number of Atoms in Each Type  : 2(C)                                            
Energy Offset                 : -68                                             
=======================================================================================
    Iter     Energy      3PV     Efermi   Rms_rho    Rms_pot   Mix  Alg  Alpha 
---------------------------------------------------------------------------------------
**       1  -0.495571  21.16571  0.71589  0.250E-01  0.667E+00  pot  S   0.1000
         2  -3.425751  11.02982  0.72596  0.191E-01  0.520E+00  pot  S   0.1000
         3  -4.515980   7.70364  0.77596  0.504E-02  0.450E+00  pot  S   0.1000
         4  -4.592723   7.34107  0.89017  0.195E-02  0.397E+00  pot  S   0.1000
         5  -5.195138   5.30760  0.96832  0.392E-02  0.339E+00  pot  S   0.1000
         6  -5.264150   4.93173  1.04559  0.142E-02  0.298E+00  pot  S   0.1000
         7  -5.876630   3.97463  1.04766  0.491E-02  0.261E+00  pot  S   0.1000
         8  -5.904852   3.83536  1.09945  0.100E-02  0.231E+00  pot  S   0.1000
         9  -5.974752   3.56351  1.14234  0.756E-03  0.204E+00  pot  S   0.1000
        10  -5.996098   3.41980  1.18127  0.593E-03  0.180E+00  pot  S   0.1000
**      11  -6.270513   3.14803  1.18123  0.784E-02  0.829E-01  pot  S   0.1000
        12  -7.322949  -0.06913  1.19085  0.339E-02  0.162E-01  pot  S   0.1000
        13  -7.351094  -0.03821  1.14649  0.122E-03  0.141E-01  pot  S   0.1000
        14  -7.534677  -0.19689  0.96778  0.776E-03  0.143E-01  pot  S   0.1000
        15  -7.249129   0.03880  1.16778  0.105E-02  0.123E-01  pot  S   0.1000
        16  -7.076475   0.64371  1.37493  0.548E-03  0.771E-02  pot  S   0.1000
        17  -7.049361   0.71727  1.38276  0.533E-04  0.677E-02  pot  S   0.1000
        18  -7.034290   0.76995  1.38834  0.448E-04  0.587E-02  pot  S   0.1000
        19  -7.023072   0.81273  1.39163  0.378E-04  0.510E-02  pot  S   0.1000
        20  -7.014320   0.84826  1.39374  0.324E-04  0.442E-02  pot  S   0.1000
**      21  -7.014320   0.84826  1.39374  0.705E-02  0.442E-02  pot  S   0.1000
        22  -7.007323   0.87807  1.39511  0.278E-04  0.383E-02  pot  S   0.1000
        23  -7.001658   0.90323  1.39601  0.240E-04  0.333E-02  pot  S   0.1000
        24  -6.997034   0.92453  1.39659  0.207E-04  0.288E-02  pot  S   0.1000
        25  -6.993240   0.94260  1.39695  0.179E-04  0.250E-02  pot  S   0.1000
        26  -6.990111   0.95796  1.39717  0.155E-04  0.217E-02  pot  S   0.1000
        27  -6.987521   0.97103  1.39728  0.134E-04  0.188E-02  pot  S   0.1000
        28  -6.985367   0.98217  1.39732  0.116E-04  0.163E-02  pot  S   0.1000
        29  -6.983571   0.99167  1.39731  0.100E-04  0.141E-02  pot  S   0.1000
        30  -6.982067   0.99978  1.39728  0.864E-05  0.122E-02  pot  S   0.1000
        31  -6.980803   1.00671  1.39723  0.748E-05  0.106E-02  pot  S   0.1000
        32  -6.979739   1.01264  1.39718  0.647E-05  0.918E-03  pot  S   0.1000
        33  -6.978839   1.01770  1.39711  0.559E-05  0.795E-03  pot  S   0.1000
        34  -6.978077   1.02204  1.39705  0.484E-05  0.689E-03  pot  S   0.1000
        35  -6.977430   1.02575  1.39699  0.418E-05  0.597E-03  pot  S   0.1000
        36  -6.976879   1.02892  1.39693  0.362E-05  0.518E-03  pot  S   0.1000
        37  -6.976410   1.03164  1.39688  0.313E-05  0.449E-03  pot  S   0.1000
        38  -6.976009   1.03397  1.39683  0.271E-05  0.389E-03  pot  S   0.1000
        39  -6.975666   1.03597  1.39679  0.234E-05  0.337E-03  pot  S   0.1000
        40  -6.975372   1.03767  1.39675  0.203E-05  0.293E-03  pot  S   0.1000
        41  -6.975120   1.03914  1.39671  0.176E-05  0.254E-03  pot  S   0.1000
        42  -6.974903   1.04039  1.39668  0.152E-05  0.220E-03  pot  S   0.1000
        43  -6.974717   1.04146  1.39665  0.132E-05  0.191E-03  pot  S   0.1000
        44  -6.974557   1.04238  1.39663  0.114E-05  0.166E-03  pot  S   0.1000
        45  -6.974420   1.04316  1.39661  0.987E-06  0.144E-03  pot  S   0.1000
        46  -6.974301   1.04384  1.39659  0.855E-06  0.125E-03  pot  S   0.1000
        47  -6.974199   1.04441  1.39657  0.741E-06  0.109E-03  pot  S   0.1000
        48  -6.974111   1.04490  1.39656  0.642E-06  0.945E-04  pot  S   0.1000
        49  -6.974035   1.04532  1.39655  0.557E-06  0.821E-04  pot  S   0.1000
        50  -6.973969   1.04568  1.39654  0.483E-06  0.714E-04  pot  S   0.1000
        51  -6.973912   1.04599  1.39653  0.420E-06  0.621E-04  pot  S   0.1000
        52  -6.973864   1.04625  1.39652  0.364E-06  0.541E-04  pot  S   0.1000
        53  -6.973821   1.04648  1.39651  0.316E-06  0.471E-04  pot  S   0.1000
        54  -6.973785   1.04667  1.39650  0.275E-06  0.410E-04  pot  S   0.1000
        55  -6.973754   1.04683  1.39650  0.239E-06  0.357E-04  pot  S   0.1000
        56  -6.973726   1.04697  1.39649  0.208E-06  0.312E-04  pot  S   0.1000
        57  -6.973703   1.04709  1.39649  0.181E-06  0.272E-04  pot  S   0.1000
        58  -6.973682   1.04719  1.39649  0.158E-06  0.237E-04  pot  S   0.1000
        59  -6.973665   1.04727  1.39648  0.137E-06  0.207E-04  pot  S   0.1000
        60  -6.973650   1.04735  1.39648  0.120E-06  0.181E-04  pot  S   0.1000
        61  -6.973637   1.04741  1.39648  0.104E-06  0.158E-04  pot  S   0.1000
        62  -6.973625   1.04746  1.39648  0.912E-07  0.139E-04  pot  S   0.1000
        63  -6.973615   1.04751  1.39648  0.797E-07  0.121E-04  pot  S   0.1000
        64  -6.973607   1.04754  1.39647  0.696E-07  0.106E-04  pot  S   0.1000
        65  -6.973600   1.04758  1.39647  0.609E-07  0.933E-05  pot  S   0.1000
        66  -6.973593   1.04760  1.39647  0.533E-07  0.818E-05  pot  S   0.1000
        67  -6.973588   1.04763  1.39647  0.467E-07  0.719E-05  pot  S   0.1000
        68  -6.973583   1.04764  1.39647  0.409E-07  0.631E-05  pot  S   0.1000
        69  -6.973579   1.04766  1.39647  0.359E-07  0.555E-05  pot  S   0.1000
        70  -6.973575   1.04767  1.39647  0.315E-07  0.489E-05  pot  S   0.1000
        71  -6.973572   1.04769  1.39647  0.276E-07  0.430E-05  pot  S   0.1000
        72  -6.973570   1.04770  1.39647  0.243E-07  0.379E-05  pot  S   0.1000
        73  -6.973567   1.04770  1.39647  0.214E-07  0.335E-05  pot  S   0.1000
        74  -6.973565   1.04771  1.39647  0.188E-07  0.296E-05  pot  S   0.1000
        75  -6.973564   1.04772  1.39647  0.165E-07  0.261E-05  pot  S   0.1000
        76  -6.973562   1.04772  1.39647  0.146E-07  0.231E-05  pot  S   0.1000
        77  -6.973561   1.04772  1.39647  0.129E-07  0.204E-05  pot  S   0.1000
        78  -6.973560   1.04773  1.39647  0.113E-07  0.181E-05  pot  S   0.1000
        79  -6.973559   1.04773  1.39647  0.100E-07  0.160E-05  pot  S   0.1000
        80  -6.973558   1.04773  1.39647  0.884E-08  0.142E-05  pot  S   0.1000
        81  -6.973557   1.04773  1.39647  0.781E-08  0.126E-05  pot  S   0.1000
        82  -6.973557   1.04774  1.39647  0.691E-08  0.112E-05  pot  S   0.1000
        83  -6.973556   1.04774  1.39646  0.611E-08  0.998E-06  pot  S   0.1000
        84  -6.973556   1.04774  1.39646  0.541E-08  0.888E-06  pot  S   0.1000
        85  -6.973555   1.04774  1.39646  0.479E-08  0.790E-06  pot  S   0.1000
        86  -6.973555   1.04774  1.39646  0.425E-08  0.704E-06  pot  S   0.1000
        87  -6.973555   1.04774  1.39646  0.376E-08  0.627E-06  pot  S   0.1000
        88  -6.973554   1.04774  1.39646  0.334E-08  0.559E-06  pot  S   0.1000
        89  -6.973554   1.04774  1.39646  0.296E-08  0.499E-06  pot  S   0.1000
        90  -6.973554   1.04774  1.39646  0.263E-08  0.446E-06  pot  S   0.1000
        91  -6.973554   1.04774  1.39646  0.233E-08  0.398E-06  pot  S   0.1000
        92  -6.973554   1.04774  1.39646  0.207E-08  0.356E-06  pot  S   0.1000
        93  -6.973553   1.04774  1.39646  0.184E-08  0.318E-06  pot  S   0.1000
        94  -6.973553   1.04774  1.39646  0.164E-08  0.285E-06  pot  S   0.1000
        95  -6.973553   1.04774  1.39646  0.146E-08  0.255E-06  pot  S   0.1000
        96  -6.973553   1.04774  1.39646  0.129E-08  0.228E-06  pot  S   0.1000
        97  -6.973553   1.04774  1.39646  0.115E-08  0.204E-06  pot  S   0.1000
        98  -6.973553   1.04774  1.39646  0.102E-08  0.183E-06  pot  S   0.1000
        99  -6.973553   1.04774  1.39646  0.911E-09  0.164E-06  pot  S   0.1000
       100  -6.973553   1.04774  1.39646  0.811E-09  0.147E-06  pot  S   0.1000
       101  -6.973553   1.04774  1.39646  0.722E-09  0.132E-06  pot  S   0.1000
       102  -6.973553   1.04774  1.39646  0.643E-09  0.118E-06  pot  S   0.1000
       103  -6.973553   1.04774  1.39646  0.573E-09  0.106E-06  pot  S   0.1000
       104  -6.973553   1.04774  1.39646  0.510E-09  0.953E-07  pot  S   0.1000
       105  -6.973553   1.04774  1.39646  0.455E-09  0.855E-07  pot  S   0.1000
       106  -6.973553   1.04774  1.39646  0.405E-09  0.768E-07  pot  S   0.1000
       107  -6.973553   1.04774  1.39646  0.361E-09  0.690E-07  pot  S   0.1000
       108  -6.973553   1.04774  1.39646  0.322E-09  0.620E-07  pot  S   0.1000
       109  -6.973553   1.04774  1.39646  0.287E-09  0.557E-07  pot  S   0.1000
       110  -6.973553   1.04774  1.39646  0.256E-09  0.501E-07  pot  S   0.1000
       111  -6.973553   1.04774  1.39646  0.228E-09  0.450E-07  pot  S   0.1000
       112  -6.973553   1.04774  1.39646  0.203E-09  0.404E-07  pot  S   0.1000
       113  -6.973553   1.04774  1.39646  0.181E-09  0.364E-07  pot  S   0.1000
       114  -6.973553   1.04774  1.39646  0.161E-09  0.327E-07  pot  S   0.1000
       115  -6.973553   1.04774  1.39646  0.144E-09  0.294E-07  pot  S   0.1000
       116  -6.973553   1.04774  1.39646  0.128E-09  0.265E-07  pot  S   0.1000
       117  -6.973553   1.04774  1.39646  0.115E-09  0.238E-07  pot  S   0.1000
       118  -6.973553   1.04774  1.39646  0.102E-09  0.214E-07  pot  S   0.1000
       119  -6.973553   1.04774  1.39646  0.911E-10  0.193E-07  pot  S   0.1000
       120  -6.973553   1.04774  1.39646  0.813E-10  0.173E-07  pot  S   0.1000
**     121  -6.973553   1.04774  1.39646  0.714E-02  0.173E-07  pot  S   0.1000
       122  -6.973553   1.04774  1.39646  0.725E-10  0.156E-07  pot  S   0.1000
       123  -6.973553   1.04774  1.39646  0.647E-10  0.140E-07  pot  S   0.1000
       124  -6.973553   1.04774  1.39646  0.577E-10  0.126E-07  pot  S   0.1000
       125  -6.973553   1.04774  1.39646  0.497E-10  0.114E-07  pot  S   0.1000
       126  -6.973553   1.04774  1.39646  0.443E-10  0.102E-07  pot  S   0.1000
       127  -6.973553   1.04774  1.39646  0.394E-10  0.921E-08  pot  S   0.1000
**     128  -6.973553   1.04774  1.39646  0.714E-02  0.921E-08  pot  S   0.1000
       129  -6.973553   1.04774  1.39646  0.351E-10  0.829E-08  pot  S   0.1000
