 nspin  vdif :::::: Potentials for non-spin-polarized non-relativistic Va.      
    1   0.0000000000000D+00
 LSMS:           Va     z=  0.    xvalws=   0.28953
   0.                      1.31380   0. 0.9158932225660D+00
                 -0.1113096740000D+02 0.2729232562081D+00 1001 1039
 0.7403463378939D-05 0.7488382031162D-05 0.7574274629780D-05 0.7661152343364D-05
 0.7749026472604D-05 0.7837908444248D-05 0.7927809818086D-05 0.8018742284825D-05
 0.8110717670628D-05 0.8203747937266D-05 0.8297845183620D-05 0.8393021646784D-05
 0.8489289704001D-05 0.8586661875453D-05 0.8685150823970D-05 0.8784769358498D-05
 0.8885530434096D-05 0.8987447155068D-05 0.9090532775370D-05 0.9194800701358D-05
 0.9300264493031D-05 0.9406937866602D-05 0.9514834694242D-05 0.9623969008240D-05
 0.9734355001222D-05 0.9846007029868D-05 0.9958939613156D-05 0.1007316743916D-04
 0.1018870536206D-04 0.1030556840817D-04 0.1042377177626D-04 0.1054333083814D-04
 0.1066426114208D-04 0.1078657841490D-04 0.1091029856517D-04 0.1103543768166D-04
 0.1116201203932D-04 0.1129003809815D-04 0.1141953250999D-04 0.1155051211286D-04
 0.1168299394345D-04 0.1181699522896D-04 0.1195253339768D-04 0.1208962607539D-04
 0.1222829109160D-04 0.1236854647915D-04 0.1251041047877D-04 0.1265390153933D-04
 0.1279903832239D-04 0.1294583970360D-04 0.1309432477268D-04 0.1324451284191D-04
 0.1339642344273D-04 0.1355007633041D-04 0.1370549148851D-04 0.1386268912804D-04
 0.1402168969326D-04 0.1418251386164D-04 0.1434518254854D-04 0.1450971690966D-04
 0.1467613834145D-04 0.1484446848856D-04 0.1501472924033D-04 0.1518694274169D-04
 0.1536113138680D-04 0.1553731783068D-04 0.1571552498510D-04 0.1589577602626D-04
 0.1607809439608D-04 0.1626250380534D-04 0.1644902823618D-04 0.1663769194583D-04
 0.1682851947029D-04 0.1702153562653D-04 0.1721676551697D-04 0.1741423453053D-04
 0.1761396834867D-04 0.1781599294592D-04 0.1802033459679D-04 0.1822701987533D-04
 0.1843607566073D-04 0.1864752914099D-04 0.1886140781593D-04 0.1907773949985D-04
 0.1929655232687D-04 0.1951787475485D-04 0.1974173556478D-04 0.1996816387156D-04
 0.2019718912072D-04 0.2042884109849D-04 0.2066314993067D-04 0.2090014608820D-04
 0.2113986039390D-04 0.2138232402182D-04 0.2162756850481D-04 0.2187562573593D-04
 0.2212652797637D-04 0.2238030785572D-04 0.2263699837777D-04 0.2289663292508D-04
 0.2315924526318D-04 0.2342486954487D-04 0.2369354031519D-04 0.2396529251414D-04
 0.2424016148315D-04 0.2451818296934D-04 0.2479939312885D-04 0.2508382853427D-04
 0.2537152617462D-04 0.2566252346719D-04 0.2595685825467D-04 0.2625456881558D-04
 0.2655569386772D-04 0.2686027257159D-04 0.2716834453868D-04 0.2747994983339D-04
 0.2779512897935D-04 0.2811392296659D-04 0.2843637325449D-04 0.2876252177690D-04
 0.2909241094967D-04 0.2942608367480D-04 0.2976358334816D-04 0.3010495385898D-04
 0.3045023960385D-04 0.3079948548719D-04 0.3115273692863D-04 0.3151003986842D-04
 0.3187144077409D-04 0.3223698664514D-04 0.3260672502172D-04 0.3298070398707D-04
 0.3335897217893D-04 0.3374157879035D-04 0.3412857357921D-04 0.3452000687400D-04
 0.3491592958128D-04 0.3531639319012D-04 0.3572144978127D-04 0.3613115203276D-04
 0.3654555322636D-04 0.3696470725444D-04 0.3738866862868D-04 0.3781749248429D-04
 0.3825123459086D-04 0.3868995135650D-04 0.3913369983577D-04 0.3958253773935D-04
 0.4003652343694D-04 0.4049571597127D-04 0.4096017505894D-04 0.4142996110395D-04
 0.4190513520070D-04 0.4238575914731D-04 0.4287189544821D-04 0.4336360732520D-04
 0.4386095872609D-04 0.4436401433093D-04 0.4487283956233D-04 0.4538750059335D-04
 0.4590806435544D-04 0.4643459854778D-04 0.4696717164697D-04 0.4750585291315D-04
 0.4805071240311D-04 0.4860182097539D-04 0.4915925030121D-04 0.4972307287446D-04
 0.5029336202092D-04 0.5087019190639D-04 0.5145363754749D-04 0.5204377482154D-04
 0.5264068047663D-04 0.5324443213903D-04 0.5385510832797D-04 0.5447278846200D-04
 0.5509755286906D-04 0.5572948280118D-04 0.5636866044088D-04 0.5701516891227D-04
 0.5766909229491D-04 0.5833051563175D-04 0.5899952494039D-04 0.5967620722527D-04
 0.6036065048882D-04 0.6105294374426D-04 0.6175317702303D-04 0.6246144139254D-04
 0.6317782895990D-04 0.6390243289403D-04 0.6463534742738D-04 0.6537666787738D-04
 0.6612649065222D-04 0.6688491326623D-04 0.6765203435297D-04 0.6842795367597D-04
 0.6921277214365D-04 0.7000659182265D-04 0.7080951594779D-04 0.7162164894129D-04
 0.7244309641962D-04 0.7327396521251D-04 0.7411436337513D-04 0.7496440020076D-04
 0.7582418623692D-04 0.7669383329907D-04 0.7757345448524D-04 0.7846316418917D-04
 0.7936307811783D-04 0.8027331330680D-04 0.8119398813036D-04 0.8212522232377D-04
 0.8306713699307D-04 0.8401985463490D-04 0.8498349914987D-04 0.8595819586090D-04
 0.8694407152650D-04 0.8794125436104D-04 0.8894987404699D-04 0.8997006175614D-04
 0.9100195016393D-04 0.9204567346741D-04 0.9310136740348D-04 0.9416916926412D-04
 0.9524921791808D-04 0.9634165382576D-04 0.9744661905830D-04 0.9856425731633D-04
 0.9969471394909D-04 0.1008381359724D-03 0.1019946720878D-03 0.1031644727051D-03
 0.1043476899550D-03 0.1055444777158D-03 0.1067549916296D-03 0.1079793891242D-03
 0.1092178294321D-03 0.1104704736125D-03 0.1117374845732D-03 0.1130190270873D-03
 0.1143152678214D-03 0.1156263753501D-03 0.1169525201833D-03 0.1182938747879D-03
 0.1196506136047D-03 0.1210229130804D-03 0.1224109516804D-03 0.1238149099199D-03
 0.1252349703851D-03 0.1266713177532D-03 0.1281241388217D-03 0.1295936225315D-03
 0.1310799599875D-03 0.1325833444884D-03 0.1341039715499D-03 0.1356420389298D-03
 0.1371977466538D-03 0.1387712970404D-03 0.1403628947324D-03 0.1419727467155D-03
 0.1436010623514D-03 0.1452480534035D-03 0.1469139340619D-03 0.1485989209757D-03
 0.1503032332764D-03 0.1520270926106D-03 0.1537707231672D-03 0.1555343517031D-03
 0.1573182075805D-03 0.1591225227893D-03 0.1609475319812D-03 0.1627934724978D-03
 0.1646605844047D-03 0.1665491105190D-03 0.1684592964454D-03 0.1703913906021D-03
 0.1723456442580D-03 0.1743223115650D-03 0.1763216495886D-03 0.1783439183423D-03
 0.1803893808224D-03 0.1824583030414D-03 0.1845509540626D-03 0.1866676060360D-03
 0.1888085342321D-03 0.1909740170781D-03 0.1931643361955D-03 0.1953797764354D-03
 0.1976206259165D-03 0.1998871760605D-03 0.2021797216331D-03 0.2044985607792D-03
 0.2068439950644D-03 0.2092163295124D-03 0.2116158726451D-03 0.2140429365235D-03
 0.2164978367869D-03 0.2189808926963D-03 0.2214924271716D-03 0.2240327668390D-03
 0.2266022420691D-03 0.2292011870227D-03 0.2318299396920D-03 0.2344888419473D-03
 0.2371782395777D-03 0.2398984823405D-03 0.2426499240016D-03 0.2454329223878D-03
 0.2482478394272D-03 0.2510950411997D-03 0.2539748979841D-03 0.2568877843052D-03
 0.2598340789850D-03 0.2628141651876D-03 0.2658284304741D-03 0.2688772668490D-03
 0.2719610708137D-03 0.2750802434175D-03 0.2782351903074D-03 0.2814263217845D-03
 0.2846540528554D-03 0.2879188032869D-03 0.2912209976588D-03 0.2945610654217D-03
 0.2979394409504D-03 0.3013565636042D-03 0.3048128777782D-03 0.3083088329662D-03
 0.3118448838159D-03 0.3154214901914D-03 0.3190391172305D-03 0.3226982354049D-03
 0.3263993205816D-03 0.3301428540870D-03 0.3339293227672D-03 0.3377592190517D-03
 0.3416330410189D-03 0.3455512924577D-03 0.3495144829366D-03 0.3535231278685D-03
 0.3575777485757D-03 0.3616788723626D-03 0.3658270325790D-03 0.3700227686913D-03
 0.3742666263560D-03 0.3785591574851D-03 0.3829009203217D-03 0.3872924795104D-03
 0.3917344061741D-03 0.3962272779827D-03 0.4007716792345D-03 0.4053682009269D-03
 0.4100174408371D-03 0.4147200035970D-03 0.4194765007742D-03 0.4242875509494D-03
 0.4291537797982D-03 0.4340758201734D-03 0.4390543121832D-03 0.4440899032804D-03
 0.4491832483412D-03 0.4543350097538D-03 0.4595458575030D-03 0.4648164692581D-03
 0.4701475304591D-03 0.4755397344101D-03 0.4809937823630D-03 0.4865103836171D-03
 0.4920902556024D-03 0.4977341239795D-03 0.5034427227315D-03 0.5092167942583D-03
 0.5150570894747D-03 0.5209643679098D-03 0.5269393978028D-03 0.5329829562012D-03
 0.5390958290674D-03 0.5452788113780D-03 0.5515327072258D-03 0.5578583299269D-03
 0.5642565021247D-03 0.5707280558973D-03 0.5772738328676D-03 0.5838946843078D-03
 0.5905914712568D-03 0.5973650646269D-03 0.6042163453192D-03 0.6111462043381D-03
 0.6181555429070D-03 0.6252452725847D-03 0.6324163153854D-03 0.6396696038979D-03
 0.6470060814061D-03 0.6544267020137D-03 0.6619324307647D-03 0.6695242437740D-03
 0.6772031283496D-03 0.6849700831226D-03 0.6928261181804D-03 0.7007722551902D-03
 0.7088095275413D-03 0.7169389804711D-03 0.7251616712082D-03 0.7334786691035D-03
 0.7418910557746D-03 0.7503999252417D-03 0.7590063840744D-03 0.7677115515321D-03
 0.7765165597114D-03 0.7854225536923D-03 0.7944306916891D-03 0.8035421451972D-03
 0.8127580991495D-03 0.8220797520677D-03 0.8315083162202D-03 0.8410450177779D-03
 0.8506910969745D-03 0.8604478082680D-03 0.8703164205046D-03 0.8802982170805D-03
 0.8903944961120D-03 0.9006065706034D-03 0.9109357686180D-03 0.9213834334491D-03
 0.9319509237974D-03 0.9426396139451D-03 0.9534508939355D-03 0.9643861697564D-03
 0.9754468635169D-03 0.9866344136381D-03 0.9979502750384D-03 0.1009395919321D-02
 0.1020972834966D-02 0.1032682527527D-02 0.1044526519820D-02 0.1056506352132D-02
 0.1068623582408D-02 0.1080879786465D-02 0.1093276558193D-02 0.1105815509758D-02
 0.1118498271817D-02 0.1131326493730D-02 0.1144301843771D-02 0.1157426009348D-02
 0.1170700697219D-02 0.1184127633720D-02 0.1197708564980D-02 0.1211445257159D-02
 0.1225339496668D-02 0.1239393090407D-02 0.1253607866000D-02 0.1267985672029D-02
 0.1282528378277D-02 0.1297237875969D-02 0.1312116078023D-02 0.1327164919291D-02
 0.1342386356817D-02 0.1357782370089D-02 0.1373354961296D-02 0.1389106155587D-02
 0.1405038001339D-02 0.1421152570419D-02 0.1437451958454D-02 0.1453938285106D-02
 0.1470613694344D-02 0.1487480354724D-02 0.1504540459674D-02 0.1521796227774D-02
 0.1539249903048D-02 0.1556903755255D-02 0.1574760080183D-02 0.1592821199949D-02
 0.1611089463299D-02 0.1629567245915D-02 0.1648256950723D-02 0.1667161008208D-02
 0.1686281876723D-02 0.1705622042816D-02 0.1725184021552D-02 0.1744970356834D-02
 0.1764983621742D-02 0.1785226418860D-02 0.1805701380621D-02 0.1826411169644D-02
 0.1847358479083D-02 0.1868546032974D-02 0.1889976586593D-02 0.1911652926813D-02
 0.1933577872463D-02 0.1955754274701D-02 0.1978185017374D-02 0.2000873017408D-02
 0.2023821225169D-02 0.2047032624862D-02 0.2070510234912D-02 0.2094257108354D-02
 0.2118276333237D-02 0.2142571033018D-02 0.2167144366971D-02 0.2191999530599D-02
 0.2217139756048D-02 0.2242568312526D-02 0.2268288506728D-02 0.2294303683268D-02
 0.2320617225111D-02 0.2347232554013D-02 0.2374153130968D-02 0.2401382456655D-02
 0.2428924071894D-02 0.2456781558105D-02 0.2484958537774D-02 0.2513458674926D-02
 0.2542285675597D-02 0.2571443288318D-02 0.2600935304601D-02 0.2630765559432D-02
 0.2660937931769D-02 0.2691456345048D-02 0.2722324767688D-02 0.2753547213610D-02
 0.2785127742759D-02 0.2817070461628D-02 0.2849379523795D-02 0.2882059130460D-02
 0.2915113530993D-02 0.2948547023481D-02 0.2982363955295D-02 0.3016568723643D-02
 0.3051165776154D-02 0.3086159611444D-02 0.3121554779706D-02 0.3157355883302D-02
 0.3193567577357D-02 0.3230194570365D-02 0.3267241624801D-02 0.3304713557739D-02
 0.3342615241475D-02 0.3380951604165D-02 0.3419727630460D-02 0.3458948362154D-02
 0.3498618898840D-02 0.3538744398568D-02 0.3579330078523D-02 0.3620381215692D-02
 0.3661903147556D-02 0.3703901272780D-02 0.3746381051912D-02 0.3789348008095D-02
 0.3832807727783D-02 0.3876765861462D-02 0.3921228124391D-02 0.3966200297333D-02
 0.4011688227316D-02 0.4057697828383D-02 0.4104235082363D-02 0.4151306039646D-02
 0.4198916819969D-02 0.4247073613208D-02 0.4295782680182D-02 0.4345050353464D-02
 0.4394883038202D-02 0.4445287212952D-02 0.4496269430513D-02 0.4547836318783D-02
 0.4599994581613D-02 0.4652750999677D-02 0.4706112431352D-02 0.4760085813610D-02
 0.4814678162908D-02 0.4869896576107D-02 0.4925748231385D-02 0.4982240389170D-02
 0.5039380393082D-02 0.5097175670878D-02 0.5155633735423D-02 0.5214762185656D-02
 0.5274568707576D-02 0.5335061075239D-02 0.5396247151765D-02 0.5458134890350D-02
 0.5520732335305D-02 0.5584047623088D-02 0.5648088983364D-02 0.5712864740066D-02
 0.5778383312474D-02 0.5844653216303D-02 0.5911683064807D-02 0.5979481569888D-02
 0.6048057543229D-02 0.6117419897432D-02 0.6187577647164D-02 0.6258539910332D-02
 0.6330315909256D-02 0.6402914971860D-02 0.6476346532882D-02 0.6550620135090D-02
 0.6625745430514D-02 0.6701732181696D-02 0.6778590262947D-02 0.6856329661624D-02
 0.6934960479423D-02 0.7014492933675D-02 0.7094937358672D-02 0.7176304206994D-02
 0.7258604050865D-02 0.7341847583511D-02 0.7426045620543D-02 0.7511209101346D-02
 0.7597349090495D-02 0.7684476779181D-02 0.7772603486647D-02 0.7861740661653D-02
 0.7951899883949D-02 0.8043092865762D-02 0.8135331453312D-02 0.8228627628328D-02
 0.8322993509597D-02 0.8418441354520D-02 0.8514983560689D-02 0.8612632667480D-02
 0.8711401357668D-02 0.8811302459054D-02 0.8912348946118D-02 0.9014553941678D-02
 0.9117930718582D-02 0.9222492701410D-02 0.9328253468194D-02 0.9435226752166D-02
 0.9543426443512D-02 0.9652866591162D-02 0.9763561404582D-02 0.9875525255599D-02
 0.9988772680243D-02 0.1010331838061D-01 0.1021917722672D-01 0.1033636425848D-01
 0.1045489468753D-01 0.1057478389924D-01 0.1069604745466D-01 0.1081870109253D-01
 0.1094276073123D-01 0.1106824247088D-01 0.1119516259537D-01 0.1132353757441D-01
 0.1145338406567D-01 0.1158471891687D-01 0.1171755916795D-01 0.1185192205324D-01
 0.1198782500361D-01 0.1212528564874D-01 0.1226432181934D-01 0.1240495154940D-01
 0.1254719307851D-01 0.1269106485415D-01 0.1283658553402D-01 0.1298377398845D-01
 0.1313264930274D-01 0.1328323077961D-01 0.1343553794161D-01 0.1358959053363D-01
 0.1374540852537D-01 0.1390301211383D-01 0.1406242172592D-01 0.1422365802100D-01
 0.1438674189349D-01 0.1455169447548D-01 0.1471853713944D-01 0.1488729150083D-01
 0.1505797942089D-01 0.1523062300933D-01 0.1540524462714D-01 0.1558186688935D-01
 0.1576051266791D-01 0.1594120509449D-01 0.1612396756343D-01 0.1630882373463D-01
 0.1649579753649D-01 0.1668491316890D-01 0.1687619510627D-01 0.1706966810055D-01
 0.1726535718430D-01 0.1746328767381D-01 0.1766348517225D-01 0.1786597557278D-01
 0.1807078506182D-01 0.1827794012224D-01 0.1848746753663D-01 0.1869939439063D-01
 0.1891374807621D-01 0.1913055629506D-01 0.1934984706201D-01 0.1957164870842D-01
 0.1979598988567D-01 0.2002289956864D-01 0.2025240705928D-01 0.2048454199011D-01
 0.2071933432791D-01 0.2095681437729D-01 0.2119701278436D-01 0.2143996054049D-01
 0.2168568898600D-01 0.2193422981397D-01 0.2218561507402D-01 0.2243987717618D-01
 0.2269704889477D-01 0.2295716337233D-01 0.2322025412354D-01 0.2348635503925D-01
 0.2375550039048D-01 0.2402772483250D-01 0.2430306340894D-01 0.2458155155587D-01
 0.2486322510605D-01 0.2514812029308D-01 0.2543627375568D-01 0.2572772254194D-01
 0.2602250411367D-01 0.2632065635073D-01 0.2662221755543D-01 0.2692722645696D-01
 0.2723572221585D-01 0.2754774442846D-01 0.2786333313153D-01 0.2818252880673D-01
 0.2850537238529D-01 0.2883190525263D-01 0.2916216925303D-01 0.2949620669435D-01
 0.2983406035279D-01 0.3017577347764D-01 0.3052138979611D-01 0.3087095351821D-01
 0.3122450934157D-01 0.3158210245642D-01 0.3194377855048D-01 0.3230958381399D-01
 0.3267956494470D-01 0.3305376915293D-01 0.3343224416659D-01 0.3381503823638D-01
 0.3420220014082D-01 0.3459377919150D-01 0.3498982523822D-01 0.3539038867422D-01
 0.3579552044143D-01 0.3620527203573D-01 0.3661969551225D-01 0.3703884349071D-01
 0.3746276916072D-01 0.3789152628716D-01 0.3832516921559D-01 0.3876375287758D-01
 0.3920733279624D-01 0.3965596509153D-01 0.4010970648582D-01 0.4056861430930D-01
 0.4103274650544D-01 0.4150216163653D-01 0.4197691888914D-01 0.4245707807964D-01
 0.4294269965970D-01 0.4343384472178D-01 0.4393057500468D-01 0.4443295289905D-01
 0.4494104145283D-01 0.4545490437686D-01 0.4597460605026D-01 0.4650021152599D-01
 0.4703178653627D-01 0.4756939749809D-01 0.4811311151854D-01 0.4866299640032D-01
 0.4921912064706D-01 0.4978155346869D-01 0.5035036478675D-01 0.5092562523970D-01
 0.5150740618809D-01 0.5209577971985D-01 0.5269081865536D-01 0.5329259655256D-01
 0.5390118771201D-01 0.5451666718184D-01 0.5513911076263D-01 0.5576859501229D-01
 0.5640519725076D-01 0.5704899556470D-01 0.5770006881208D-01 0.5835849662661D-01
 0.5902435942215D-01 0.5969773839698D-01 0.6037871553792D-01 0.6106737362438D-01
 0.6176379623223D-01 0.6246806773756D-01 0.6318027332030D-01 0.6390049896765D-01
 0.6462883147736D-01 0.6536535846086D-01 0.6611016834615D-01 0.6686335038058D-01
 0.6762499463331D-01 0.6839519199769D-01 0.6917403419329D-01 0.6996161376777D-01
 0.7075802409846D-01 0.7156335939373D-01 0.7237771469397D-01 0.7320118587244D-01
 0.7403386963565D-01 0.7487586352357D-01 0.7572726590939D-01 0.7658817599897D-01
 0.7745869382997D-01 0.7833892027052D-01 0.7922895701751D-01 0.8012890659448D-01
 0.8103887234907D-01 0.8195895844996D-01 0.8288926988339D-01 0.8382991244912D-01
 0.8478099275591D-01 0.8574261821641D-01 0.8671489704151D-01 0.8769793823404D-01
 0.8869185158188D-01 0.8969674765044D-01 0.9071273777436D-01 0.9173993404858D-01
 0.9277844931867D-01 0.9382839717030D-01 0.9488989191797D-01 0.9596304859287D-01
 0.9704798292985D-01 0.9814481135348D-01 0.9925365096317D-01 0.1003746195172D+00
 0.1015078354158D+00 0.1026534176832D+00 0.1038114859483D+00 0.1049821604243D+00
 0.1061655618874D+00 0.1073618116535D+00 0.1085710315544D+00 0.1097933439118D+00
 0.1110288715105D+00 0.1122777375700D+00 0.1135400657138D+00 0.1148159799382D+00
 0.1161056045782D+00 0.1174090642728D+00 0.1187264839276D+00 0.1200579886757D+00
 0.1214037038367D+00 0.1227637548734D+00 0.1241382673467D+00 0.1255273668676D+00
 0.1269311790477D+00 0.1283498294462D+00 0.1297834435152D+00 0.1312321465421D+00
 0.1326960635889D+00 0.1341753194286D+00 0.1356700384797D+00 0.1371803447354D+00
 0.1387063616921D+00 0.1402482122722D+00 0.1418060187449D+00 0.1433799026424D+00
 0.1449699846731D+00 0.1465763846296D+00 0.1481992212941D+00 0.1498386123377D+00
 0.1514946742168D+00 0.1531675220636D+00 0.1548572695725D+00 0.1565640288805D+00
 0.1582879104436D+00 0.1600290229060D+00 0.1617874729651D+00 0.1635633652294D+00
 0.1653568020706D+00 0.1671678834691D+00 0.1689967068525D+00 0.1708433669274D+00
 0.1727079555034D+00 0.1745905613097D+00 0.1764912698034D+00 0.1784101629697D+00
 0.1803473191131D+00 0.1823028126399D+00 0.1842767138308D+00 0.1862690886038D+00
 0.1882799982669D+00 0.1903094992599D+00 0.1923576428851D+00 0.1944244750260D+00
 0.1965100358547D+00 0.1986143595253D+00 0.2007374738551D+00 0.2028793999914D+00
 0.2050401520643D+00 0.2072197368240D+00 0.2094181532626D+00 0.2116353922194D+00
 0.2138714359694D+00 0.2161262577936D+00 0.2183998215306D+00 0.2206920811092D+00
 0.2230029800599D+00 0.2253324510062D+00 0.2276804151327D+00 0.2300467816304D+00
 0.2324314471186D+00 0.2348342950400D+00 0.2372551950308D+00 0.2396940022626D+00
 0.2421505567553D+00 0.2446246826603D+00 0.2471161875119D+00 0.2496248614463D+00
 0.2521504763853D+00 0.2546927851851D+00 0.2572515207464D+00 0.2598263950863D+00
 0.2624170983681D+00 0.2650232978885D+00 0.2676446370201D+00 0.2702807341062D+00
 0.2729311813066D+00 0.2755955433922D+00 0.2782733564853D+00 0.2809641267432D+00
 0.2836673289836D+00 0.2863824052471D+00 0.2891087632958D+00 0.2918457750437D+00
 0.2945927749162D+00 0.2973490581354D+00 0.3001138789274D+00 0.3028864486480D+00
 0.3056659338235D+00 0.3084514541016D+00 0.3112420801088D+00 0.3140368312093D+00
 0.3168346731618D+00 0.3196345156677D+00 0.3224352098068D+00 0.3252355453547D+00
 0.3280342479754D+00 0.3308299762853D+00 0.3336213187792D+00 0.3364067906146D+00
 0.3391848302455D+00 0.3419537958998D+00 0.3447119618910D+00 0.3474575147581D+00
 0.3501885492239D+00 0.3529030639633D+00 0.3555989571725D+00 0.3582740219292D+00
 0.3609259413333D+00 0.3635522834181D+00 0.3661504958195D+00 0.3687179001927D+00
 0.3712516863630D+00 0.3737489061971D+00 0.3762064671832D+00 0.3786211257026D+00
 0.3809894799796D+00 0.3833079626930D+00 0.3855728332319D+00 0.3877801695786D+00
 0.3899258597994D+00 0.3920055931239D+00 0.3940148505921D+00 0.3959488952463D+00
 0.3978027618469D+00 0.3995712460849D+00 0.4012488932677D+00 0.4028299864498D+00
 0.4043085339799D+00 0.4056782564343D+00 0.4069325729038D+00 0.4080645866007D+00
 0.4090670697503D+00 0.4099324477266D+00 0.4106527823947D+00 0.4112197546140D+00
 0.4116246458585D+00 0.4118583189050D+00 0.4119111975364D+00 0.4117732452070D+00
 0.4114339426096D+00 0.4108822640824D+00 0.4101066527886D+00 0.4090949945976D+00
 0.4078345905918D+00 0.4063121281162D+00 0.4045136502847D+00 0.4024245237800D+00
 0.4000294051822D+00
                                    0.0000000000000D+00
 1039 0.2895270021213D+00
 0.2655211767725D-10 0.2716458664331D-10 0.2779118421347D-10 0.2843223632020D-10
 0.2908807641930D-10 0.2975904565801D-10 0.3044549305014D-10 0.3114777566228D-10
 0.3186625879240D-10 0.3260131618681D-10 0.3335333018518D-10 0.3412269196453D-10
 0.3490980174091D-10 0.3571506892204D-10 0.3653891239054D-10 0.3738176069804D-10
 0.3824405225769D-10 0.3912623561556D-10 0.4002876966209D-10 0.4095212385684D-10
 0.4189677852930D-10 0.4286322504314D-10 0.4385196613676D-10 0.4486351610221D-10
 0.4589840116098D-10 0.4695715958884D-10 0.4804034218188D-10 0.4914851234686D-10
 0.5028224654144D-10 0.5144213450426D-10 0.5262877959456D-10 0.5384279907308D-10
 0.5508482445425D-10 0.5635550180802D-10 0.5765549211732D-10 0.5898547162029D-10
 0.6034613212270D-10 0.6173818144369D-10 0.6316234368465D-10 0.6461935967881D-10
 0.6610998733201D-10 0.6763500205488D-10 0.6919519713380D-10 0.7079138414855D-10
 0.7242439341361D-10 0.7409507438978D-10 0.7580429616024D-10 0.7755294782184D-10
 0.7934193899008D-10 0.8117220028526D-10 0.8304468380532D-10 0.8496036353509D-10
 0.8692023604191D-10 0.8892532080275D-10 0.9097666085442D-10 0.9307532325817D-10
 0.9522239972514D-10 0.9741900712950D-10 0.9966628814097D-10 0.1019654117417D-09
 0.1043175739697D-09 0.1067239983352D-09 0.1091859366710D-09 0.1117046696476D-09
 0.1142815074825D-09 0.1169177906271D-09 0.1196148904714D-09 0.1223742099821D-09
 0.1251971845906D-09 0.1280852827407D-09 0.1310400068282D-09 0.1340628938523D-09
 0.1371555163272D-09 0.1403194830130D-09 0.1435564397757D-09 0.1468680704595D-09
 0.1502560977787D-09 0.1537222841307D-09 0.1572684326290D-09 0.1608963879590D-09
 0.1646080373643D-09 0.1684053116614D-09 0.1722901861233D-09 0.1762646816835D-09
 0.1803308658515D-09 0.1844908538245D-09 0.1887468096474D-09 0.1931009472435D-09
 0.1975555316135D-09 0.2021128800264D-09 0.2067753632034D-09 0.2115454065786D-09
 0.2164254915124D-09 0.2214181565989D-09 0.2265259990139D-09 0.2317516758774D-09
 0.2370979055775D-09 0.2425674692067D-09 0.2481632120469D-09 0.2538880449890D-09
 0.2597449460886D-09 0.2657369620881D-09 0.2718672100939D-09 0.2781388789885D-09
 0.2845552313636D-09 0.2911196049897D-09 0.2978354146629D-09 0.3047061539521D-09
 0.3117353970251D-09 0.3189268005123D-09 0.3262841053482D-09 0.3338111388793D-09
 0.3415118166800D-09 0.3493901446400D-09 0.3574502210718D-09 0.3656962388865D-09
 0.3741324877059D-09 0.3827633559996D-09 0.3915933336426D-09 0.4006270140016D-09
 0.4098690964340D-09 0.4193243887123D-09 0.4289978095186D-09 0.4388943909496D-09
 0.4490192813345D-09 0.4593777476066D-09 0.4699751783323D-09 0.4808170863434D-09
 0.4919091116206D-09 0.5032570243400D-09 0.5148667276987D-09 0.5267442611491D-09
 0.5388958034022D-09 0.5513276758134D-09 0.5640463454740D-09 0.5770584287441D-09
 0.5903706945379D-09 0.6039900680436D-09 0.6179236340625D-09 0.6321786410019D-09
 0.6467625043166D-09 0.6616828107148D-09 0.6769473217840D-09 0.6925639782738D-09
 0.7085409039827D-09 0.7248864103387D-09 0.7416090003046D-09 0.7587173731186D-09
 0.7762204287116D-09 0.7941272722290D-09 0.8124472190210D-09 0.8311897992357D-09
 0.8503647629212D-09 0.8699820850207D-09 0.8900519706289D-09 0.9105848602555D-09
 0.9315914353357D-09 0.9530826235962D-09 0.9750696049589D-09 0.9975638172072D-09
 0.1020576962121D-08 0.1044121011217D-08 0.1068208212416D-08 0.1092851096028D-08
 0.1118062481525D-08 0.1143855484135D-08 0.1170243521519D-08 0.1197240321111D-08
 0.1224859926809D-08 0.1253116706619D-08 0.1282025359976D-08 0.1311600925493D-08
 0.1341858788561D-08 0.1372814689698D-08 0.1404484732546D-08 0.1436885392018D-08
 0.1470033523326D-08 0.1503946370517D-08 0.1538641575311D-08 0.1574137186606D-08
 0.1610451669535D-08 0.1647603915309D-08 0.1685613250796D-08 0.1724499449097D-08
 0.1764282738972D-08 0.1804983816292D-08 0.1846623854205D-08 0.1889224514170D-08
 0.1932807957677D-08 0.1977396857174D-08 0.2023014408446D-08 0.2069684342173D-08
 0.2117430936547D-08 0.2166279030047D-08 0.2216254033840D-08 0.2267381945597D-08
 0.2319689362642D-08 0.2373203495851D-08 0.2427952183894D-08 0.2483963907774D-08
 0.2541267805464D-08 0.2599893687000D-08 0.2659872050416D-08 0.2721234097070D-08
 0.2784011748355D-08 0.2848237661833D-08 0.2913945248714D-08 0.2981168690845D-08
 0.3049942958779D-08 0.3120303829545D-08 0.3192287905966D-08 0.3265932634943D-08
 0.3341276327467D-08 0.3418358178113D-08 0.3497218286046D-08 0.3577897675171D-08
 0.3660438316002D-08 0.3744883147235D-08 0.3831276098132D-08 0.3919662111402D-08
 0.4010087166643D-08 0.4102598304200D-08 0.4197243649536D-08 0.4294072438322D-08
 0.4393135042323D-08 0.4494482995107D-08 0.4598169019343D-08 0.4704247053671D-08
 0.4812772281575D-08 0.4923801159212D-08 0.5037391445215D-08 0.5153602231068D-08
 0.5272493970802D-08 0.5394128513844D-08 0.5518569136038D-08 0.5645880573161D-08
 0.5776129054212D-08 0.5909382336479D-08 0.6045709740103D-08 0.6185182184281D-08
 0.6327872224863D-08 0.6473854090902D-08 0.6623203724244D-08 0.6775998818886D-08
 0.6932318860994D-08 0.7092245170301D-08 0.7255860942711D-08 0.7423251293592D-08
 0.7594503301851D-08 0.7769706054993D-08 0.7948950696228D-08 0.8132330471096D-08
 0.8319940776530D-08 0.8511879209930D-08 0.8708245620488D-08 0.8909142161092D-08
 0.9114673340651D-08 0.9324946079901D-08 0.9540069765497D-08 0.9760156308067D-08
 0.9985320199719D-08 0.1021567857437D-07 0.1045135126750D-07 0.1069246087963D-07
 0.1093913283982D-07 0.1119149546992D-07 0.1144968005328D-07 0.1171382090120D-07
 0.1198405542370D-07 0.1226052420075D-07 0.1254337105555D-07 0.1283274312928D-07
 0.1312879095799D-07 0.1343166854976D-07 0.1374153346650D-07 0.1405854690440D-07
 0.1438287377886D-07 0.1471468280955D-07 0.1505414660855D-07 0.1540144177009D-07
 0.1575674896256D-07 0.1612025302220D-07 0.1649214304932D-07 0.1687261250706D-07
 0.1726185932122D-07 0.1766008598440D-07 0.1806749965981D-07 0.1848431229066D-07
 0.1891074070925D-07 0.1934700675034D-07 0.1979333736654D-07 0.2024996474563D-07
 0.2071712643247D-07 0.2119506545203D-07 0.2168403043548D-07 0.2218427575029D-07
 0.2269606163185D-07 0.2321965431922D-07 0.2375532619387D-07 0.2430335592047D-07
 0.2486402859283D-07 0.2543763588168D-07 0.2602447618726D-07 0.2662485479263D-07
 0.2723908402446D-07 0.2786748341463D-07 0.2851037986658D-07 0.2916810782549D-07
 0.2984100945189D-07 0.3052943479978D-07 0.3123374199961D-07 0.3195429744333D-07
 0.3269147597529D-07 0.3344566108743D-07 0.3421724511949D-07 0.3500662946185D-07
 0.3581422476534D-07 0.3664045115356D-07 0.3748573844343D-07 0.3835052636730D-07
 0.3923526480174D-07 0.4014041400245D-07 0.4106644484218D-07 0.4201383905811D-07
 0.4298308950030D-07 0.4397470038815D-07 0.4498918757464D-07 0.4602707881251D-07
 0.4708891402985D-07 0.4817524561118D-07 0.4928663868420D-07 0.5042367141369D-07
 0.5158693530317D-07 0.5277703550228D-07 0.5399459112052D-07 0.5524023555091D-07
 0.5651461679859D-07 0.5781839781778D-07 0.5915225685752D-07 0.6051688781333D-07
 0.6191300058994D-07 0.6334132146794D-07 0.6480259348420D-07 0.6629757681782D-07
 0.6782704918325D-07 0.6939180623901D-07 0.7099266199756D-07 0.7263044925178D-07
 0.7430602000656D-07 0.7602024592207D-07 0.7777401876798D-07 0.7956825088721D-07
 0.8140387566981D-07 0.8328184803942D-07 0.8520314494994D-07 0.8716876589245D-07
 0.8917973341713D-07 0.9123709366454D-07 0.9334191690821D-07 0.9549529811476D-07
 0.9769835750917D-07 0.9995224116256D-07 0.1022581215841D-06 0.1046171983328D-06
 0.1070306986412D-06 0.1094998780559D-06 0.1120260210861D-06 0.1146104418765D-06
 0.1172544848878D-06 0.1199595255987D-06 0.1227269712182D-06 0.1255582614213D-06
 0.1284548690948D-06 0.1314183011063D-06 0.1344500990851D-06 0.1375518402277D-06
 0.1407251381140D-06 0.1439716435515D-06 0.1472930454301D-06 0.1506910716037D-06
 0.1541674897862D-06 0.1577241084730D-06 0.1613627778810D-06 0.1650853909137D-06
 0.1688938841416D-06 0.1727902388116D-06 0.1767764818787D-06 0.1808546870611D-06
 0.1850269759148D-06 0.1892955189412D-06 0.1936625367147D-06 0.1981303010402D-06
 0.2027011361312D-06 0.2073774198200D-06 0.2121615847978D-06 0.2170561198765D-06
 0.2220635712841D-06 0.2271865439915D-06 0.2324277030656D-06 0.2377897750567D-06
 0.2432755494167D-06 0.2488878799483D-06 0.2546296862932D-06 0.2605039554495D-06
 0.2665137433245D-06 0.2726621763254D-06 0.2789524529854D-06 0.2853878456283D-06
 0.2919717020699D-06 0.2987074473614D-06 0.3055985855689D-06 0.3126487015979D-06
 0.3198614630565D-06 0.3272406221667D-06 0.3347900177134D-06 0.3425135770407D-06
 0.3504153181005D-06 0.3584993515356D-06 0.3667698828233D-06 0.3752312144609D-06
 0.3838877482036D-06 0.3927439873585D-06 0.4018045391202D-06 0.4110741169749D-06
 0.4205575431479D-06 0.4302597511133D-06 0.4401857881603D-06 0.4503408180234D-06
 0.4607301235605D-06 0.4713591095061D-06 0.4822333052855D-06 0.4933583678870D-06
 0.5047400848035D-06 0.5163843770505D-06 0.5282973022383D-06 0.5404850577295D-06
 0.5529539838620D-06 0.5657105672417D-06 0.5787614441260D-06 0.5921134038702D-06
 0.6057733924592D-06 0.6197485161269D-06 0.6340460450470D-06 0.6486734171160D-06
 0.6636382418286D-06 0.6789483042278D-06 0.6946115689614D-06 0.7106361844225D-06
 0.7270304869912D-06 0.7438030053681D-06 0.7609624650130D-06 0.7785177926870D-06
 0.7964781210896D-06 0.8148527936173D-06 0.8336513692220D-06 0.8528836273794D-06
 0.8725595731857D-06 0.8926894425568D-06 0.9132837075503D-06 0.9343530818217D-06
 0.9559085261954D-06 0.9779612543621D-06 0.1000522738719D-05 0.1023604716334D-05
 0.1047219195057D-05 0.1071378459760D-05 0.1096095078736D-05 0.1121381910230D-05
 0.1147252109137D-05 0.1173719133839D-05 0.1200796753204D-05 0.1228499053766D-05
 0.1256840447034D-05 0.1285835677000D-05 0.1315499827809D-05 0.1345848331602D-05
 0.1376896976552D-05 0.1408661915074D-05 0.1441159672225D-05 0.1474407154310D-05
 0.1508421657671D-05 0.1543220877686D-05 0.1578822917980D-05 0.1615246299841D-05
 0.1652509971855D-05 0.1690633319761D-05 0.1729636176552D-05 0.1769538832775D-05
 0.1810362047098D-05 0.1852127057106D-05 0.1894855590359D-05 0.1938569875683D-05
 0.1983292654746D-05 0.2029047193888D-05 0.2075857296222D-05 0.2123747314019D-05
 0.2172742161389D-05 0.2222867327226D-05 0.2274148888483D-05 0.2326613523735D-05
 0.2380288527059D-05 0.2435201822242D-05 0.2491381977296D-05 0.2548858219335D-05
 0.2607660449778D-05 0.2667819259903D-05 0.2729365946765D-05 0.2792332529493D-05
 0.2856751765925D-05 0.2922657169679D-05 0.2990083027568D-05 0.3059064417457D-05
 0.3129637226504D-05 0.3201838169843D-05 0.3275704809680D-05 0.3351275574830D-05
 0.3428589780742D-05 0.3507687649914D-05 0.3588610332868D-05 0.3671399929521D-05
 0.3756099511117D-05 0.3842753142633D-05 0.3931405905705D-05 0.4022103922087D-05
 0.4114894377651D-05 0.4209825546952D-05 0.4306946818322D-05 0.4406308719596D-05
 0.4507962944388D-05 0.4611962379003D-05 0.4718361129950D-05 0.4827214552105D-05
 0.4938579277501D-05 0.5052513244822D-05 0.5169075729529D-05 0.5288327374731D-05
 0.5410330222725D-05 0.5535147747286D-05 0.5662844886710D-05 0.5793488077597D-05
 0.5927145289435D-05 0.6063886059959D-05 0.6203781531356D-05 0.6346904487276D-05
 0.6493329390726D-05 0.6643132422809D-05 0.6796391522382D-05 0.6953186426611D-05
 0.7113598712476D-05 0.7277711839235D-05 0.7445611191837D-05 0.7617384125402D-05
 0.7793120010652D-05 0.7972910280444D-05 0.8156848477358D-05 0.8345030302380D-05
 0.8537553664715D-05 0.8734518732769D-05 0.8936027986264D-05 0.9142186269586D-05
 0.9353100846366D-05 0.9568881455312D-05 0.9789640367343D-05 0.1001549244401D-04
 0.1024655519731D-04 0.1048294885083D-04 0.1072479640239D-04 0.1097222368800D-04
 0.1122535944742D-04 0.1148433539117D-04 0.1174928626910D-04 0.1202034994054D-04
 0.1229766744606D-04 0.1258138308092D-04 0.1287164447023D-04 0.1316860264572D-04
 0.1347241212447D-04 0.1378323098932D-04 0.1410122097117D-04 0.1442654753324D-04
 0.1475937995718D-04 0.1509989143125D-04 0.1544825914051D-04 0.1580466435902D-04
 0.1616929254436D-04 0.1654233343409D-04 0.1692398114467D-04 0.1731443427244D-04
 0.1771389599717D-04 0.1812257418779D-04 0.1854068151071D-04 0.1896843554055D-04
 0.1940605887350D-04 0.1985377924325D-04 0.2031182963961D-04 0.2078044842988D-04
 0.2125987948307D-04 0.2175037229684D-04 0.2225218212759D-04 0.2276557012335D-04
 0.2329080345994D-04 0.2382815548004D-04 0.2437790583574D-04 0.2494034063419D-04
 0.2551575258665D-04 0.2610444116111D-04 0.2670671273827D-04 0.2732288077123D-04
 0.2795326594886D-04 0.2859819636291D-04 0.2925800767904D-04 0.2993304331174D-04
 0.3062365460335D-04 0.3133020100723D-04 0.3205305027509D-04 0.3279257864875D-04
 0.3354917105625D-04 0.3432322131256D-04 0.3511513232493D-04 0.3592531630292D-04
 0.3675419497342D-04 0.3760219980050D-04 0.3846977221047D-04 0.3935736382208D-04
 0.4026543668206D-04 0.4119446350614D-04 0.4214492792562D-04 0.4311732473968D-04
 0.4411216017350D-04 0.4512995214234D-04 0.4617123052185D-04 0.4723653742448D-04
 0.4832642748240D-04 0.4944146813697D-04 0.5058223993489D-04 0.5174933683116D-04
 0.5294336649917D-04 0.5416495064797D-04 0.5541472534671D-04 0.5669334135690D-04
 0.5800146447208D-04 0.5933977586558D-04 0.6070897244625D-04 0.6210976722242D-04
 0.6354288967439D-04 0.6500908613542D-04 0.6650912018175D-04 0.6804377303153D-04
 0.6961384395296D-04 0.7122015068214D-04 0.7286352985037D-04 0.7454483742142D-04
 0.7626494913916D-04 0.7802476098526D-04 0.7982518964782D-04 0.8166717300062D-04
 0.8355167059382D-04 0.8547966415568D-04 0.8745215810629D-04 0.8947018008306D-04
 0.9153478147842D-04 0.9364703799014D-04 0.9580805018432D-04 0.9801894407152D-04
 0.1002808716964D-03 0.1025950117409D-03 0.1049625701416D-03 0.1073847807214D-03
 0.1098629058358D-03 0.1123982370347D-03 0.1149920957387D-03 0.1176458339323D-03
 0.1203608348721D-03 0.1231385138129D-03 0.1259803187489D-03 0.1288877311740D-03
 0.1318622668587D-03 0.1349054766457D-03 0.1380189472633D-03 0.1412043021592D-03
 0.1444632023521D-03 0.1477973473043D-03 0.1512084758147D-03 0.1546983669317D-03
 0.1582688408889D-03 0.1619217600610D-03 0.1656590299437D-03 0.1694826001556D-03
 0.1733944654633D-03 0.1773966668316D-03 0.1814912924972D-03 0.1856804790681D-03
 0.1899664126488D-03 0.1943513299915D-03 0.1988375196752D-03 0.2034273233108D-03
 0.2081231367766D-03 0.2129274114810D-03 0.2178426556561D-03 0.2228714356808D-03
 0.2280163774361D-03 0.2332801676906D-03 0.2386655555209D-03 0.2441753537629D-03
 0.2498124404997D-03 0.2555797605826D-03 0.2614803271893D-03 0.2675172234181D-03
 0.2736936039202D-03 0.2800126965702D-03 0.2864778041762D-03 0.2930923062304D-03
 0.2998596607013D-03 0.3067834058673D-03 0.3138671621954D-03 0.3211146342631D-03
 0.3285296127260D-03 0.3361159763327D-03 0.3438776939873D-03 0.3518188268603D-03
 0.3599435305505D-03 0.3682560572978D-03 0.3767607582489D-03 0.3854620857767D-03
 0.3943645958556D-03 0.4034729504924D-03 0.4127919202166D-03 0.4223263866284D-03
 0.4320813450098D-03 0.4420619069961D-03 0.4522733033127D-03 0.4627208865771D-03
 0.4734101341676D-03 0.4843466511619D-03 0.4955361733453D-03 0.5069845702917D-03
 0.5186978485188D-03 0.5306821547193D-03 0.5429437790696D-03 0.5554891586190D-03
 0.5683248807602D-03 0.5814576867843D-03 0.5948944755211D-03 0.6086423070687D-03
 0.6227084066125D-03 0.6371001683375D-03 0.6518251594358D-03 0.6668911242114D-03
 0.6823059882852D-03 0.6980778629026D-03 0.7142150493461D-03 0.7307260434560D-03
 0.7476195402622D-03 0.7649044387287D-03 0.7825898466155D-03 0.8006850854594D-03
 0.8191996956778D-03 0.8381434417981D-03 0.8575263178165D-03 0.8773585526889D-03
 0.8976506159582D-03 0.9184132235207D-03 0.9396573435361D-03 0.9613942024844D-03
 0.9836352913739D-03 0.1006392372103D-02 0.1029677483984D-02 0.1053502950425D-02
 0.1077881385785D-02 0.1102825702399D-02 0.1128349117780D-02 0.1154465161997D-02
 0.1181187685255D-02 0.1208530865646D-02 0.1236509217116D-02 0.1265137597618D-02
 0.1294431217486D-02 0.1324405648014D-02 0.1355076830259D-02 0.1386461084066D-02
 0.1418575117325D-02 0.1451436035473D-02 0.1485061351228D-02 0.1519468994590D-02
 0.1554677323086D-02 0.1590705132292D-02 0.1627571666626D-02 0.1665296630418D-02
 0.1703900199276D-02 0.1743403031745D-02 0.1783826281274D-02 0.1825191608503D-02
 0.1867521193865D-02 0.1910837750529D-02 0.1955164537688D-02 0.2000525374191D-02
 0.2046944652555D-02 0.2094447353335D-02 0.2143059059893D-02 0.2192805973560D-02
 0.2243714929204D-02 0.2295813411229D-02 0.2349129570001D-02 0.2403692238722D-02
 0.2459530950776D-02 0.2516675957535D-02 0.2575158246667D-02 0.2635009560946D-02
 0.2696262417586D-02 0.2758950128107D-02 0.2823106818757D-02 0.2888767451514D-02
 0.2955967845666D-02 0.3024744700008D-02 0.3095135615664D-02 0.3167179119556D-02
 0.3240914688550D-02 0.3316382774281D-02 0.3393624828700D-02 0.3472683330360D-02
 0.3553601811450D-02 0.3636424885633D-02 0.3721198276681D-02 0.3807968847957D-02
 0.3896784632767D-02 0.3987694865601D-02 0.4080750014307D-02 0.4176001813223D-02
 0.4273503297300D-02 0.4373308837249D-02 0.4475474175755D-02 0.4580056464783D-02
 0.4687114304024D-02 0.4796707780518D-02 0.4908898509492D-02 0.5023749676463D-02
 0.5141326080649D-02 0.5261694179725D-02 0.5384922135995D-02 0.5511079864003D-02
 0.5640239079662D-02 0.5772473350934D-02 0.5907858150144D-02 0.6046470907956D-02
 0.6188391069105D-02 0.6333700149929D-02 0.6482481797779D-02 0.6634821852377D-02
 0.6790808409193D-02 0.6950531884919D-02 0.7114085085129D-02 0.7281563274197D-02
 0.7453064247569D-02 0.7628688406482D-02 0.7808538835219D-02 0.7992721381015D-02
 0.8181344736699D-02 0.8374520526203D-02 0.8572363393037D-02 0.8774991091866D-02
 0.8982524583297D-02 0.9195088132023D-02 0.9412809408459D-02 0.9635819594009D-02
 0.9864253490121D-02 0.1009824963129D-01 0.1033795040217D-01 0.1058350215897D-01
 0.1083505535534D-01 0.1109276467289D-01 0.1135678915657D-01 0.1162729235519D-01
 0.1190444246712D-01 0.1218841249163D-01 0.1247938038595D-01 0.1277752922837D-01
 0.1308304738759D-01 0.1339612869876D-01 0.1371697264631D-01 0.1404578455398D-01
 0.1438277578241D-01 0.1472816393456D-01 0.1508217306939D-01 0.1544503392412D-01
 0.1581698414553D-01 0.1619826853066D-01 0.1658913927749D-01 0.1698985624581D-01
 0.1740068722915D-01 0.1782190823788D-01 0.1825380379435D-01 0.1869666724053D-01
 0.1915080105869D-01 0.1961651720592D-01 0.2009413746302D-01 0.2058399379862D-01
 0.2108642874911D-01 0.2160179581541D-01 0.2213045987716D-01 0.2267279762553D-01
 0.2322919801525D-01 0.2380006273717D-01 0.2438580671218D-01 0.2498685860779D-01
 0.2560366137830D-01 0.2623667283018D-01 0.2688636621350D-01 0.2755323084136D-01
 0.2823777273824D-01 0.2894051531932D-01 0.2966200010213D-01 0.3040278745240D-01
 0.3116345736595D-01 0.3194461028868D-01 0.3274686797661D-01 0.3357087439838D-01
 0.3441729668239D-01 0.3528682611125D-01 0.3618017916611D-01 0.3709809862373D-01
 0.3804135470933D-01 0.3901074630830D-01 0.4000710224041D-01 0.4103128259979D-01
 0.4208418016486D-01 0.4316672188206D-01 0.4427987042786D-01 0.4542462585360D-01
 0.4660202731816D-01 0.4781315491366D-01 0.4905913158974D-01 0.5034112518254D-01
 0.5166035055448D-01 0.5301807185188D-01 0.5441560488736D-01 0.5585431965499D-01
 0.5733564298611D-01 0.5886106135489D-01 0.6043212384269D-01 0.6205044527143D-01
 0.6371770951643D-01 0.6543567301031D-01 0.6720616844991D-01 0.6903110871942D-01
 0.7091249104343D-01 0.7285240138487D-01 0.7485301910369D-01 0.7691662189329D-01
 0.7904559101273D-01 0.8124241683440D-01 0.8350970472775D-01 0.8585018130143D-01
 0.8826670102771D-01 0.9076225327466D-01 0.9333996977346D-01 0.9600313255009D-01
 0.9875518235293D-01 0.1015997276097D+00 0.1045405539498D+00 0.1075816343311D+00
 0.1107271398116D+00 0.1139814510120D+00 0.1173491703147D+00 0.1208351348523D+00
 0.1244444303389D+00 0.1281824058039D+00 0.1320546892910D+00 0.1360672045895D+00
 0.1402261890713D+00 0.1445382127111D+00 0.1490101983731D+00 0.1536494434539D+00
 0.1584636429780D+00 0.1634609142490D+00 0.1686498231668D+00 0.1740394123303D+00
 0.1796392310522D+00 0.1854593674237D+00 0.1915104825745D+00 0.1978038472864D+00
 0.2043513811284D+00 0.2111656942958D+00 0.2182601323441D+00 0.2256488240292D+00
 0.2333467324735D+00 0.2413697098988D+00 0.2497345561791D+00 0.2584590814895D+00
 0.2675621733401D+00 0.2770638683123D+00 0.2869854288272D+00 0.2973494253074D+00
 0.3081798241108D+00 0.3195020816460D+00 0.3313432451009D+00 0.3437320602483D+00
 0.3566990868206D+00 0.3702768219759D+00 0.3844998324119D+00 0.3994048958301D+00
 0.4150311518325D+00 0.4313909978089D+00 0.4484958166455D+00 0.4663870092271D+00
 0.4851086791362D+00 0.5047078266847D+00 0.5252345575877D+00 0.5467423074073D+00
 0.5692880829880D+00 0.5929327221942D+00 0.6177411733687D+00 0.6437827960350D+00
 0.6711316844900D+00 0.6998670160570D+00 0.7300734259106D+00 0.7618414105300D+00
 0.7952677619981D+00 0.8304560355362D+00 0.8675170528485D+00 0.9065694440498D+00
 0.9477402311651D+00 0.9911654564210D+00 0.1036990858796D+01 0.1085372602569D+01
 0.1136478061885D+01 0.1190486665686D+01 0.1247590807658D+01 0.1307996826244D+01
 0.1371926060131D+01 0.1439615985041D+01 0.1511321438134D+01 0.1587315936756D+01
 0.1667893098859D+01 0.1753368172925D+01 0.1844079685847D+01 0.1940391217898D+01
 0.2042693314568D+01 0.2151405545862D+01 0.2266978724427D+01
    0    0
