 icrys=  1 alat= 5.22341 ncmp=  1 nspn=  1
 at. # =     16
 conc  = 1.0000
   #              energy(ryd)  press(mbar)   rmsrh
  25               -792.40716    10.36777   0.46E-10
  24               -792.40716    10.36777   0.65E-10                            
  23               -792.40716    10.36777   0.47E-09                            
  22               -792.40716    10.36777   0.65E-09                            
  21               -792.40716    10.36777   0.21E-08                            
  20               -792.40716    10.36777   0.42E-08                            
  19               -792.40716    10.36777   0.55E-08                            
  18               -792.40716    10.36777   0.12E-07                            
  17               -792.40716    10.36776   0.31E-07                            
  16               -792.40716    10.36776   0.43E-07                            
  15               -792.40716    10.36778   0.43E-06                            
  14               -792.40716    10.36778   0.56E-06                            
  13               -792.40716    10.36776   0.87E-06                            
  12               -792.40716    10.36776   0.23E-05                            
  11               -792.40716    10.36784   0.34E-05                            
  10               -792.40716    10.36797   0.50E-05                            
   9               -792.40716    10.36666   0.41E-04                            
   8               -792.40716    10.36629   0.52E-04                            
   7               -792.40720    10.36704   0.20E-03                            
   6               -792.40747    10.32300   0.13E-02                            
   5               -792.40778    10.59641   0.51E-02                            
   4               -792.41246     9.75032   0.23E-01                            
   3               -792.42993     7.87637   0.57E-01                            
   2               -792.42469    13.83072   0.40E+00                            
   1               -792.45374    15.69726   0.49E+00                            
